.Random.seed <-
c(403L, 10L, -144875566L, 582564452L, -74819161L, -985377027L, 
1636094708L, 986093018L, 676530469L, 1267855423L, 1007194054L, 
577369168L, -1884399501L, 157072529L, 598129856L, 1950117534L, 
914956905L, 1371210395L, 1032875946L, -242402356L, -176032113L, 
-2031573307L, -771895684L, -1362533678L, 405530189L, -907212025L, 
346631918L, -984609848L, -1934304053L, 691397929L, -651287176L, 
2041903782L, -632791871L, 653163859L, -908576254L, 1997914932L, 
1810739383L, -198993747L, 651437508L, 167753194L, -1816294827L, 
1752101871L, 1604244470L, 1965131040L, 613083875L, 2068032385L, 
1914547696L, 1542222990L, 1100864505L, -899483253L, -304904774L, 
1867410620L, -687063041L, -996893355L, 652598892L, -684213566L, 
675855645L, 1358992279L, 1226057470L, -1172998984L, -241432933L, 
-489290503L, -1325664696L, -1885015690L, -1162045263L, -397779741L, 
1661373362L, -1456368636L, -1713367225L, -868250083L, 559408276L, 
-885160902L, -1452949883L, -78856353L, 1271488486L, 1158648432L, 
-1312082541L, -1656643023L, 370114784L, 2019293566L, -1923924983L, 
515378235L, 992645642L, 815159788L, -1897841041L, -1597427291L, 
-1139267236L, 885445938L, -851661779L, 1647436519L, 964364302L, 
94968296L, -1118716949L, 806429833L, -620847080L, 1719336774L, 
103390625L, -297372621L, -919938654L, -1888289644L, 88783639L, 
470775053L, -335379420L, 358536202L, -1828730507L, -1471770417L, 
-1933114410L, 278854528L, -772730941L, -759821983L, 467132368L, 
820713262L, 283183833L, 79317227L, -293021350L, 2138972956L, 
-604113377L, -1607618955L, 1645128460L, 980469474L, -1827705923L, 
781012023L, 1261936350L, 952285720L, 1668760955L, 1345895705L, 
1954202024L, 610456918L, -1439693359L, 1296162179L, -868948974L, 
576769956L, 813664103L, 298144957L, 1245905972L, -1310644326L, 
-991448091L, -452448385L, -2033357050L, 1070573712L, -345308877L, 
-1352681775L, 1999193216L, 269395294L, -1588274519L, -859396773L, 
-964798614L, -146366964L, -960588209L, 1521449733L, -1512514628L, 
872468114L, 823201165L, 886422983L, 1006010030L, -589785336L, 
-1591261941L, 440038377L, 666977464L, -1794100378L, 1977219073L, 
-602970477L, -1449453246L, 1714730740L, 1014538999L, 865628909L, 
-779334268L, 1765991338L, -60778219L, 1181979567L, -63525962L, 
423965152L, -1174859485L, 1429718593L, -426038992L, -1949312178L, 
1419788729L, 1357142987L, 140890234L, -1305874052L, -143031873L, 
2032533141L, 1045169324L, -111874430L, -1206344099L, -2133653161L, 
-1087138754L, 1356888184L, -725736613L, -1976934727L, 1320940296L, 
-1664071242L, 950425329L, 697090339L, -1838279822L, 526260676L, 
1865654663L, 1948572509L, -371223212L, -906061958L, 1487091397L, 
-421349345L, 160014246L, -1022549712L, -250266669L, 705847793L, 
485402400L, 394916286L, -2118696503L, 656848251L, 1219257162L, 
1258316716L, 1906281135L, 84064357L, -439125988L, 2094765682L, 
1753950445L, -1560975065L, 1327699278L, 961525160L, -140668501L, 
-347804983L, -830285096L, -347215994L, 1203010145L, 1530504179L, 
-314001822L, 1858162900L, -1216833065L, 176152880L, 1142766756L, 
787730104L, -668578470L, -1508704880L, 1209760636L, -567856876L, 
1762505538L, -821273856L, 326305724L, 843229008L, 1002234658L, 
-124406456L, 1067987468L, -997058468L, 371565778L, -363003392L, 
-810814124L, 1621123560L, -1118237702L, 145199312L, -936301268L, 
-1580817676L, -266772078L, -250186656L, -1523692276L, 549909216L, 
84791650L, 2010266280L, 324502092L, 1567971708L, 1182055730L, 
683765872L, 1037815620L, -655055400L, -820003718L, -1643905488L, 
712651452L, 1268221780L, 1111106626L, -1979245152L, 123292348L, 
-1587056176L, 166200674L, -785739800L, 700997580L, -251685124L, 
-1073145358L, 127586432L, 622406900L, 2020519560L, -1664114886L, 
-578618544L, -2064863636L, -1435866988L, 1550817618L, -1608501536L, 
-1351779636L, 818397344L, -871216254L, 323265256L, -1879112980L, 
1261358140L, -306587022L, -1838734224L, -118587868L, 431668280L, 
-1040693222L, -1940800816L, -1416364996L, 263808148L, -1441252222L, 
-33734720L, 2118521148L, 269974160L, -1909836766L, -690088952L, 
632006796L, 735536156L, 1791704722L, -1369897856L, 359911444L, 
1562418472L, -866984390L, 918056144L, 1020519532L, 703353524L, 
843522066L, -1719257120L, 1957935052L, 1056984544L, 1174021666L, 
487113000L, 853293324L, -657873348L, -1043721998L, 1231622896L, 
-1657314492L, -1762885032L, 1751091770L, 1946361584L, 551163068L, 
1379595796L, -2115905342L, 879093856L, 669513084L, 676754640L, 
-1218831326L, -1296366936L, 2001717132L, -2015563332L, 1710937138L, 
1913517888L, 2101577908L, 439663432L, -890381638L, -1914890480L, 
597844204L, 204239956L, 916119314L, -2109629536L, 1653645260L, 
-537396384L, 356577474L, -1504246232L, 789390764L, 2078416700L, 
1454409586L, 703159088L, 973857316L, -2049583048L, 635864282L, 
-1310611056L, -1294645508L, 1185230740L, -296678590L, 1588838912L, 
926734908L, 135413328L, -1884906846L, -719545528L, 769851916L, 
1752976604L, -22627758L, 1222879360L, -1316144300L, 1919351272L, 
834398970L, 1613870928L, 1094695980L, -1485228684L, 1267254930L, 
-628434336L, -221060468L, 603208544L, 1560429282L, -1387388760L, 
-881639220L, -84145668L, -1818161230L, 598898160L, 8922564L, 
-1898225832L, 185879418L, 675886512L, 699120060L, 200173652L, 
1376095170L, 520225568L, 518102972L, 1256712784L, 879304162L, 
441692520L, -1363604148L, -761165572L, 532275954L, -1732028672L, 
-489519500L, 2063632392L, 314685882L, -472000560L, -1512867348L, 
866307988L, -410553646L, 575311456L, 802153804L, 1827018016L, 
-2133003646L, -1389188632L, -2114123796L, -650987972L, 1019432562L, 
556483440L, 721144100L, -998723016L, 1727193498L, 25627088L, 
-1305395780L, -1709815660L, -1880580990L, -719755840L, -2106203332L, 
964981904L, 1140540194L, -1934717432L, 795192588L, 705869212L, 
1122229778L, -1588556928L, 1060717332L, -239619800L, 1417227322L, 
1711696848L, 453804652L, -690144716L, -704775534L, -1019683488L, 
803350860L, 947328992L, -1388620382L, 669375912L, -969644404L, 
-933290564L, 1717137010L, 1781865456L, 492025412L, 110614616L, 
808596167L, -1525101648L, 971021774L, 134360827L, -1791773347L, 
-1170899318L, -461595480L, -520247279L, -328705789L, -414616572L, 
985177138L, -2106338169L, -776568623L, -702336426L, -43861452L, 
-1888206523L, -1938064497L, 740941576L, 1710852390L, 651057619L, 
1394758453L, 164422290L, -759769504L, 1922895817L, -1534517509L, 
1871429836L, 707983706L, -373640113L, 700193049L, -739466450L, 
429559100L, -379045203L, 1694397783L, -500013920L, -1827343874L, 
756571339L, -54232371L, -1275996678L, 1739519544L, -1659053087L, 
-1768135533L, -1735696716L, -584383550L, -839583785L, -2111203295L, 
-910643226L, -781030684L, 161070613L, 1571431999L, -798108200L, 
1095941110L, 846574595L, -1705314491L, 290956130L, -535933744L, 
-1993648135L, -637428949L, 1190375580L, 932130506L, 1660336063L, 
1179071241L, 1121094686L, 252073420L, 1257578397L, -644683225L, 
2084661328L, 1893208302L, 1263648155L, -497458179L, 1540456170L, 
1229416840L, 2116446001L, -1213810781L, -556621916L, 1603828306L, 
778957223L, -198244879L, -162721482L, 195709396L, -1097113755L, 
-306311313L, -336211544L, 1082722054L, 1653121587L, 1135804565L, 
-550412046L, 798554432L, -279804247L, -2108375269L, -1405327124L, 
1965319418L, -2099794641L, 1587927353L, -1204638898L, -1721724516L, 
2067139341L, 1809268087L, 1845705088L, -1037377570L, -498497365L, 
1693604781L, -1362763750L, 1655666392L, 1491539777L, 1930807283L, 
-1472411116L, 2101056418L, 1265077431L, -322820479L, -1673101690L, 
-436812092L, -2065307659L, 765021791L, -1260984136L, 2029702550L, 
31006627L, -1342770331L, -2036452734L, 1151500272L, -1268201063L, 
-1975752821L, -1790692740L, -1899609942L, -1955667233L, -1264471959L, 
-619206018L, 2017440364L, -2011631939L, 1980593031L, -343951504L, 
-1931297266L, -1423072453L, -1133682659L, 576420042L, 38724584L, 
32026833L, 169258179L, -1276578876L, 2122782834L, 2016373063L, 
-1002711791L, -1121521514L, 1618826740L, 2013144965L, 1197889231L, 
1375740872L, 1018188390L, -1667707757L, 880067573L, -1357330990L, 
